     0/149     20.1G   0.08806    0.1257         0    0.2138      1503       640   0.02086    0.0618  0.001684 0.0002894    0.1252    0.3674         0
     1/149     20.6G   0.08397     0.118         0     0.202      1547       640   0.06995    0.1978   0.02126   0.00372    0.1216    0.3706         0
     2/149     20.6G   0.07956    0.1157         0    0.1953      1386       640    0.1331    0.3232    0.0566  0.009407    0.1185    0.3991         0
     3/149     20.6G   0.07522    0.1128         0    0.1881      1610       640      0.25    0.3028    0.1481   0.02594     0.116    0.3847         0
     4/149     20.6G   0.07249    0.1136         0    0.1861      1626       640    0.3069    0.3659    0.2037   0.03697    0.1126    0.3819         0
     5/149     20.6G   0.06861    0.1123         0    0.1809      1444       640    0.4055    0.4852    0.3309   0.07527    0.1114    0.3618         0
     6/149     20.6G   0.06532    0.1119         0    0.1772      1630       640    0.3922    0.5445    0.3595   0.08908    0.1102    0.3594         0
     7/149     20.6G   0.06262    0.1123         0    0.1749      1845       640    0.5135    0.5624     0.512     0.162    0.1051     0.382         0
     8/149     20.6G   0.06187    0.1178         0    0.1796      1904       640    0.5696    0.6684    0.6302    0.1967    0.1041    0.4118         0
     9/149     20.6G    0.0597    0.1199         0    0.1796      2137       640     0.511     0.657    0.5876    0.2134    0.1001    0.4247         0
    10/149     20.6G   0.05673    0.1221         0    0.1788      1038       640    0.6455    0.7268    0.7169    0.2572     0.102    0.4293         0
    11/149     20.6G   0.05693    0.1215         0    0.1784      2119       640     0.691    0.7373    0.7583    0.3005    0.1013    0.4712         0
    12/149     20.6G   0.05626    0.1314         0    0.1877      1237       640    0.7974    0.7688    0.8481     0.395   0.09844    0.4469         0
    13/149     20.6G   0.05322    0.1193         0    0.1725      1782       640     0.729    0.7404    0.7862    0.3341   0.09025    0.4842         0
    14/149     20.6G   0.05047    0.1302         0    0.1807      1534       640    0.5831    0.7632    0.6735    0.2455   0.08977    0.4679         0
    15/149     20.6G   0.05085    0.1232         0     0.174      1315       640    0.7519    0.8183    0.8603    0.4056   0.08672    0.5016         0
    16/149     20.6G   0.05058    0.1302         0    0.1808      1525       640    0.6358    0.7559    0.7582    0.3658    0.0891     0.479         0
    17/149     20.6G   0.05022     0.126         0    0.1762      1628       640     0.789    0.7689    0.8352     0.354   0.08801    0.4663         0
    18/149     20.6G   0.05157    0.1372         0    0.1888      1423       640    0.4712    0.6693    0.5701    0.2248   0.08761    0.4834         0
    19/149     20.6G    0.0489    0.1313         0    0.1802      1556       640    0.7576     0.775    0.8465    0.4323   0.09001    0.4695         0
    20/149     20.6G   0.04939    0.1338         0    0.1832      1774       640    0.7695    0.7633    0.8442    0.4305   0.08935    0.4644         0
    21/149     20.6G   0.05067    0.1285         0    0.1792      1413       640    0.7944     0.869    0.8991    0.4454   0.09015    0.5196         0
    22/149     20.6G   0.04784    0.1362         0    0.1841      1928       640    0.5859    0.6846    0.7219    0.3182   0.08646    0.4986         0
    23/149     20.6G   0.04684    0.1247         0    0.1715      1372       640    0.5368    0.8015    0.7107     0.289   0.08547    0.4987         0
    24/149     20.6G    0.0475    0.1204         0    0.1679      1525       640    0.8159    0.8518    0.9046    0.4927   0.08627     0.512         0
    25/149     20.6G    0.0461    0.1149         0     0.161      1282       640    0.8033    0.8053    0.8941    0.4853   0.08796    0.5084         0
    26/149     20.6G   0.04465    0.1211         0    0.1657      1541       640    0.7204    0.8004    0.8637     0.456   0.08694    0.5068         0
    27/149     20.6G   0.04856    0.1323         0    0.1808      2000       640    0.7457    0.7359    0.8408    0.4469   0.08762    0.5809         0
    28/149     20.6G   0.04814    0.1334         0    0.1816      1646       640    0.8382    0.8183    0.8883    0.4223   0.08172    0.5403         0
    29/149     20.6G   0.04463    0.1257         0    0.1703      1352       640    0.7707    0.8028     0.877    0.4435   0.07874    0.5392         0
    30/149     20.6G   0.04415    0.1293         0    0.1735      1709       640    0.8171    0.8591    0.9103    0.4487   0.08781    0.5325         0
    31/149     20.6G   0.04381    0.1254         0    0.1692      1451       640    0.8227    0.8602    0.9127     0.475   0.08336    0.5443         0
    32/149     20.6G   0.04341    0.1338         0    0.1772      1845       640    0.8325    0.8138     0.894    0.4429   0.08621    0.5487         0
    33/149     20.6G   0.04239    0.1285         0    0.1709      1423       640    0.8366    0.8291     0.901    0.4186   0.08178    0.5545         0
    34/149     20.6G   0.04411    0.1194         0    0.1635      1629       640     0.855    0.8235    0.9119    0.4908   0.08189    0.5444         0
    35/149     20.6G   0.04196     0.127         0     0.169      1620       640    0.7931    0.8968    0.9124    0.4694   0.08065    0.5785         0
    36/149     20.6G   0.04111    0.1249         0     0.166      2213       640    0.8303    0.8707    0.9235    0.5063   0.08263    0.5676         0
    37/149     20.6G   0.04125    0.1189         0    0.1602      1673       640    0.8135    0.8869    0.9229    0.5159   0.08087    0.5793         0
    38/149     20.6G   0.04036    0.1195         0    0.1598      2709       640    0.7939    0.8918    0.9152     0.507   0.07759    0.5716         0
    39/149     20.6G   0.04145    0.1256         0     0.167      1246       640    0.8328    0.8541    0.9162    0.4525   0.08122    0.5991         0
    40/149     20.6G   0.04032      0.12         0    0.1603      1126       640    0.8241    0.8789    0.9255    0.5314   0.07984    0.5839         0
    41/149     20.6G   0.04121    0.1229         0    0.1641      1739       640    0.8123    0.8591    0.9122    0.4794    0.0822     0.594         0
    42/149     20.6G   0.03897    0.1218         0    0.1607      1923       640     0.818    0.8789    0.9248    0.5014   0.07654    0.5919         0
    43/149     20.6G   0.03939    0.1188         0    0.1582      1353       640     0.786    0.8659    0.9067    0.4754   0.08246     0.606         0
    44/149     20.6G    0.0391    0.1209         0      0.16       833       640    0.8349    0.8319    0.9033    0.4522   0.07753    0.6156         0
    45/149     20.6G   0.04494    0.1152         0    0.1602      1661       640    0.5872    0.5494    0.6216    0.1986   0.08654    0.6353         0
    46/149     20.6G   0.05157    0.1205         0     0.172      1205       640    0.7883    0.8955    0.9045    0.4639   0.08435    0.6102         0
    47/149     20.6G    0.0456    0.1317         0    0.1773      1917       640     0.795    0.7692    0.8652    0.3496   0.08482    0.5783         0
    48/149     20.6G   0.04316    0.1307         0    0.1739      1988       640    0.6594    0.8597    0.7657     0.328     0.078    0.5844         0
    49/149     20.6G   0.04386    0.1224         0    0.1662      2122       640    0.8192    0.8595    0.9129    0.4979   0.08215     0.603         0
    50/149     20.6G   0.04291    0.1278         0    0.1708      1702       640    0.8282    0.8529    0.9159    0.4651   0.08059    0.5927         0
    51/149     20.6G   0.04355    0.1183         0    0.1618      1677       640    0.8369    0.7804    0.8855    0.4044   0.08193    0.5906         0
    52/149     20.6G   0.04232    0.1223         0    0.1647      1571       640    0.8227     0.882    0.9229     0.534    0.0798    0.6303         0
    53/149     20.6G   0.03906    0.1159         0    0.1549      1728       640     0.838    0.8661    0.9219    0.5066   0.08093    0.6295         0
    54/149     20.6G    0.0398    0.1168         0    0.1566      1072       640    0.8214    0.8898    0.9276     0.536    0.0796     0.625         0
    55/149     20.6G   0.03865    0.1202         0    0.1589      2067       640    0.8494    0.8473    0.9211    0.5211   0.07914    0.6407         0
    56/149     20.6G   0.04116    0.1239         0     0.165      1728       640    0.8327    0.8863    0.9311     0.532   0.08009    0.6417         0
    57/149     20.6G   0.04052    0.1219         0    0.1624      2656       640    0.8097    0.8838    0.9184    0.5232   0.07977     0.667         0
    58/149     20.6G    0.0394    0.1083         0    0.1477      1383       640     0.814      0.89    0.9226    0.5204   0.08057    0.6607         0
    59/149     20.6G    0.0384     0.117         0    0.1554      1672       640    0.8176    0.8826     0.923    0.5133   0.07586    0.6422         0
    60/149     20.6G   0.04074    0.1165         0    0.1572      1794       640    0.8076    0.8875    0.9214      0.53   0.07775     0.654         0
    61/149     20.6G   0.03698    0.1168         0    0.1538      1109       640    0.8154    0.8999    0.9283    0.5279   0.07929    0.6392         0
    62/149     20.6G   0.03743    0.1122         0    0.1496      1200       640    0.8249    0.8739    0.9252    0.5337   0.07646    0.6328         0
    63/149     20.6G   0.03726    0.1142         0    0.1515      1449       640    0.8215    0.8733    0.9187    0.5112   0.07972    0.6565         0
    64/149     20.6G   0.03569    0.1171         0    0.1528      1742       640    0.8222    0.8727    0.9194     0.532   0.07451    0.6451         0
    65/149     20.6G   0.03926    0.1104         0    0.1497      1628       640    0.8081     0.885    0.9204    0.5206   0.07445    0.6903         0
    66/149     20.6G    0.0395    0.1164         0    0.1559      1894       640     0.824    0.8517    0.9011    0.4793   0.07914    0.6384         0
    67/149     20.6G   0.03695    0.1138         0    0.1507      1727       640     0.822     0.885    0.9248    0.5396   0.07406    0.6399         0
    68/149     20.6G   0.03572    0.1114         0    0.1471      1541       640    0.7937    0.8832    0.9117    0.5194   0.07486     0.667         0
    69/149     20.6G   0.03767    0.1131         0    0.1507      2105       640    0.8224    0.8677    0.9136     0.529   0.07809    0.6651         0
    70/149     20.6G   0.03627    0.1164         0    0.1526      1293       640    0.8087    0.8943    0.9205    0.5183    0.0786    0.6384         0
    71/149     20.6G   0.03589    0.1174         0    0.1533      1724       640    0.8094    0.9029    0.9248    0.5314    0.0757    0.6384         0
    72/149     20.6G   0.03526    0.1116         0    0.1469      1627       640    0.8482    0.8585    0.9236     0.532   0.07554    0.6546         0
    73/149     20.6G   0.03553    0.1085         0     0.144      1414       640    0.8193    0.8832    0.9234    0.5322   0.07309    0.6537         0
    74/149     20.6G   0.03525    0.1125         0    0.1478      1405       640    0.8366    0.8646    0.9234    0.5387   0.07192    0.6587         0
    75/149     20.6G   0.03597    0.1131         0    0.1491      1518       640    0.8415    0.8535    0.9213    0.5218   0.07228    0.6799         0
    76/149     20.6G   0.03568    0.1115         0    0.1472      1490       640    0.8301    0.8729    0.9221     0.523   0.07475    0.6519         0
    77/149     20.6G    0.0346    0.1079         0    0.1425      1087       640    0.8152    0.8807    0.9187    0.5376     0.072    0.6682         0
    78/149     20.6G   0.03578     0.112         0    0.1478      1865       640    0.7896    0.9066    0.9164    0.5266   0.07492    0.6671         0
    79/149     20.6G   0.03493    0.1196         0    0.1545      2236       640    0.8227    0.8665    0.9174    0.5289   0.07423    0.6538         0
    80/149     20.6G   0.03697    0.1119         0    0.1489      1768       640    0.8217    0.8721    0.9181    0.5263   0.07452    0.6845         0
    81/149     20.6G   0.03592    0.1105         0    0.1464      2046       640    0.8246    0.8627    0.9151    0.5285   0.07379    0.6666         0
    82/149     20.6G   0.03506    0.1096         0    0.1447      1302       640    0.8237    0.8677    0.9196    0.5301   0.07429    0.6544         0
    83/149     20.6G   0.03456    0.1125         0    0.1471      2152       640     0.806    0.8912    0.9163     0.472   0.07511    0.6459         0
    84/149     20.6G    0.0359    0.1101         0     0.146      1016       640      0.82    0.8813    0.9201    0.5079    0.0763     0.648         0
    85/149     20.6G   0.03553    0.1108         0    0.1463      1481       640    0.8425    0.8597    0.9155    0.5316   0.07389     0.649         0
    86/149     20.6G   0.03449    0.1061         0    0.1405      1627       640    0.8388     0.862     0.917    0.5153    0.0744    0.6461         0
    87/149     20.6G   0.03409    0.1102         0    0.1443      1796       640    0.8406    0.8639    0.9216    0.5338   0.07372     0.655         0
    88/149     20.6G   0.03441     0.108         0    0.1424      1871       640    0.8168    0.8955    0.9214    0.5065   0.07349    0.6483         0
    89/149     20.6G   0.03442    0.1152         0    0.1496      1426       640    0.8002    0.9061    0.9196    0.5265   0.07258    0.6558         0
    90/149     20.6G   0.03592    0.1018         0    0.1378      1033       640    0.8386    0.8708    0.9223     0.534   0.07616    0.6557         0
    91/149     20.6G   0.03437    0.1113         0    0.1456      2001       640     0.822    0.8677    0.9146    0.5215   0.07437    0.6602         0
    92/149     20.6G    0.0338    0.1067         0    0.1405      1818       640    0.8192    0.8684    0.9072    0.4842   0.07575    0.6541         0
    93/149     20.6G   0.03347    0.1102         0    0.1437      1336       640    0.8361    0.8541    0.9118    0.5288   0.07238     0.654         0
    94/149     20.6G   0.03321    0.1094         0    0.1426       808       640    0.8337    0.8523    0.9088    0.5245   0.07282    0.6616         0
    95/149     20.6G   0.03312    0.1143         0    0.1474      1463       640    0.8356    0.8504    0.9025    0.5196   0.07136    0.6809         0
    96/149     20.6G   0.03303    0.1054         0    0.1384      1829       640    0.8076    0.8968    0.9144    0.5188   0.07284    0.6667         0
    97/149     20.6G   0.03323    0.1023         0    0.1356      1783       640    0.7942    0.8906    0.9105    0.5039   0.07356    0.6665         0
    98/149     20.6G   0.03275    0.1083         0     0.141      2000       640     0.824    0.8665    0.9082    0.5247   0.07248     0.664         0
    99/149     20.6G   0.03229   0.09601         0    0.1283      1320       640    0.8677    0.8325    0.9179    0.5239   0.07149    0.6643         0
   100/149     20.6G   0.03293    0.1087         0    0.1416      1694       640    0.8188     0.877    0.9107    0.5012    0.0742     0.656         0
   101/149     20.6G   0.03319     0.108         0    0.1412      1806       640    0.7884    0.9054    0.9118     0.521   0.07256    0.6629         0
   102/149     20.6G   0.03255    0.1078         0    0.1404      1749       640    0.8136    0.8776    0.9123    0.5123   0.07307    0.6628         0
   103/149     20.6G   0.03206    0.1081         0    0.1402      1396       640    0.8109    0.8801    0.9106    0.5277   0.07086    0.6651         0
   104/149     20.6G    0.0316    0.1087         0    0.1403      1520       640    0.8162    0.8603    0.9053    0.5146   0.07101    0.6805         0
   105/149     20.6G   0.03219    0.1093         0    0.1414      1941       640    0.8184    0.8665    0.9074    0.5067    0.0724    0.6675         0
   106/149     20.6G   0.03188    0.1028         0    0.1347      1336       640    0.8049    0.8881    0.9104    0.5237   0.07149    0.6683         0
   107/149     20.6G    0.0321    0.1068         0    0.1389      1214       640    0.7988    0.8978    0.9087    0.5182   0.07125    0.6665         0
   108/149     20.6G   0.03166   0.09607         0    0.1277      1507       640    0.8067    0.8888    0.9087    0.5114   0.07153    0.6717         0
   109/149     20.6G   0.03198     0.109         0    0.1409      1476       640    0.8285    0.8603    0.9088    0.5111   0.07158    0.6718         0
   110/149     20.6G   0.03163     0.102         0    0.1336      1288       640    0.7909    0.9005    0.9068    0.5204      0.07    0.6699         0
   111/149     20.6G   0.03171    0.1067         0    0.1384      2043       640    0.8042    0.8943    0.9056    0.5173   0.07107    0.6717         0
   112/149     20.6G   0.03159   0.09719         0    0.1288      1529       640      0.81    0.8838    0.9039    0.5192   0.06917    0.6709         0
   113/149     20.6G   0.03153    0.1014         0    0.1329      1444       640    0.8191    0.8646    0.9004    0.5145   0.06842    0.6782         0
   114/149     20.6G   0.03096    0.0997         0    0.1307      1314       640    0.8304    0.8595    0.9018    0.5183   0.06906    0.6822         0
   115/149     20.6G   0.03108    0.1105         0    0.1416      1737       640    0.7985    0.8962    0.9068    0.5212    0.0701     0.665         0
   116/149     20.6G    0.0313   0.09849         0    0.1298      1470       640    0.8095    0.8798    0.9014     0.516   0.07076     0.677         0
   117/149     20.6G   0.03151    0.1098         0    0.1413      1823       640     0.812    0.8941    0.9084    0.5113    0.0709    0.6687         0
   118/149     20.6G   0.03149    0.1072         0    0.1387      1980       640    0.8656    0.8399    0.9055    0.5138   0.07157    0.6726         0
   119/149     20.6G   0.03106    0.1059         0     0.137      1886       640    0.8124    0.8838    0.9068    0.5107   0.07158    0.6728         0
   120/149     20.6G    0.0317    0.1064         0     0.138      1486       640    0.8043    0.8801    0.9004    0.5242   0.07088    0.6824         0
   121/149     20.6G   0.03114    0.1061         0    0.1372      1851       640    0.8052    0.8714     0.901    0.5083   0.07144    0.6814         0
   122/149     20.6G   0.03118    0.1058         0     0.137      1465       640    0.8498    0.8325    0.9028    0.5182   0.07064    0.6815         0
   123/149     20.6G   0.03103     0.101         0    0.1321      1890       640     0.814    0.8832     0.907    0.5227   0.07093    0.6756         0
   124/149     20.6G   0.03129    0.1021         0    0.1334      1450       640    0.7923     0.896    0.9005    0.5161   0.07038    0.6795         0
   125/149     20.6G   0.03065    0.1065         0    0.1372      1710       640    0.8033    0.8887    0.9059    0.5237   0.06985    0.6764         0
   126/149     20.6G   0.03043    0.1042         0    0.1346      1530       640    0.8573    0.8251    0.9058    0.5116   0.06993    0.6797         0
   127/149     20.6G   0.03032   0.09817         0    0.1285      1581       640    0.8253    0.8535    0.9035     0.519   0.06966    0.6833         0
   128/149     20.6G   0.03076    0.1055         0    0.1363      1647       640    0.8593    0.8305    0.9031    0.5197   0.06942    0.6765         0
   129/149     20.6G   0.03089    0.1038         0    0.1347      2249       640    0.8471    0.8375    0.9058    0.5178   0.07045    0.6776         0
   130/149     20.6G   0.03147    0.1046         0     0.136      2040       640    0.8237    0.8665    0.9027    0.5148   0.07061    0.6791         0
   131/149     20.6G   0.03024   0.09853         0    0.1288      1531       640    0.8321    0.8566    0.9005    0.5134   0.06957    0.6838         0
   132/149     20.6G   0.03108    0.1085         0    0.1396      1927       640    0.8517     0.838    0.9004    0.5081   0.07006    0.6819         0
   133/149     20.6G   0.03089    0.1047         0    0.1355      1237       640    0.8423    0.8518    0.9062    0.5167   0.06998    0.6832         0
   134/149     20.6G   0.03055    0.1049         0    0.1354      1472       640    0.8224    0.8677    0.9014    0.5185   0.06922    0.6883         0
   135/149     20.6G   0.03059    0.1093         0    0.1399      1638       640    0.8374    0.8609    0.9019    0.5159   0.06985    0.6818         0
   136/149     20.6G   0.02965    0.1022         0    0.1319      1920       640    0.8392    0.8578    0.9014    0.5075   0.07136    0.6777         0
   137/149     20.6G   0.03072    0.1007         0    0.1314      1380       640    0.8297    0.8585    0.9017     0.515   0.07023    0.6777         0
   138/149     20.6G   0.03029   0.09894         0    0.1292      1306       640    0.8457     0.833    0.8941    0.5032   0.07063    0.6875         0
   139/149     20.6G   0.03027     0.102         0    0.1323      1919       640    0.8123    0.8752    0.8987    0.5071   0.07027    0.6799         0
   140/149     20.6G   0.02977    0.1035         0    0.1332      1720       640    0.8531    0.8434    0.9029    0.5134   0.07053     0.675         0
   141/149     20.6G    0.0294   0.09754         0    0.1269      1181       640    0.8315     0.866    0.9017    0.5141   0.07021    0.6796         0
   142/149     20.6G   0.03002    0.1015         0    0.1316      1115       640     0.845    0.8491     0.896    0.5088   0.06995    0.6822         0
   143/149     20.6G   0.03009   0.09876         0    0.1288      1686       640    0.8189    0.8745    0.8966    0.5114   0.06975    0.6763         0
   144/149     20.6G   0.03043    0.1001         0    0.1305      1740       640    0.8339    0.8563    0.8975    0.5122   0.07024    0.6795         0
   145/149     20.6G   0.02996    0.1012         0    0.1312      1338       640     0.835    0.8541    0.8982    0.5071   0.07049    0.6783         0
   146/149     20.6G   0.02946    0.0964         0    0.1259      1440       640    0.8341    0.8514    0.8971    0.5062    0.0703    0.6871         0
   147/149     20.6G   0.03023    0.1051         0    0.1354      1802       640    0.8296    0.8616    0.8972    0.5109   0.07017    0.6874         0
   148/149     20.6G   0.03015    0.1049         0     0.135      2070       640    0.7967    0.8875    0.8936     0.509   0.07034    0.6862         0
   149/149     20.6G    0.0306    0.1038         0    0.1344      1460       640    0.8191    0.8566    0.8909    0.5102   0.06958    0.6928         0
