     0/149     16.3G   0.07845   0.02187         0    0.1003       149       640    0.1634    0.0625   0.02654  0.002761    0.1054   0.02921         0
     1/149     20.7G   0.07536   0.01966         0   0.09502       123       640    0.0212      0.25   0.01334  0.001685    0.1024   0.02808         0
     2/149     20.7G   0.07277    0.0189         0   0.09167       160       640   0.02108    0.0625    0.0129  0.002134     0.101   0.02769         0
     3/149     20.7G    0.0713   0.01839         0   0.08969       156       640    0.1329     0.125   0.09062   0.02309   0.09983   0.02807         0
     4/149     20.7G   0.06948   0.01801         0   0.08748       128       640    0.1295     0.125   0.09842   0.01885   0.09693   0.02913         0
     5/149     20.7G   0.06699   0.01933         0   0.08633       168       640    0.1449    0.1875    0.1219   0.02612   0.09266   0.02995         0
     6/149     20.7G   0.06465   0.01923         0   0.08388       158       640    0.2344    0.3125    0.1683   0.03613   0.08595   0.03214         0
     7/149     20.7G   0.06203   0.02056         0   0.08259       148       640    0.2829      0.25    0.1645    0.0683   0.08322   0.03291         0
     8/149     20.7G   0.06018   0.02054         0   0.08071       173       640    0.2427     0.125   0.09364   0.03032   0.07942   0.03385         0
     9/149     20.7G   0.05981   0.02031         0   0.08012       133       640    0.1665    0.4371    0.1668   0.05144   0.07598   0.03398         0
    10/149     20.7G   0.05841   0.01945         0   0.07786       102       640    0.1301       0.5    0.1557   0.08361   0.07816   0.03294         0
    11/149     20.7G   0.05777   0.01924         0   0.07701       145       640    0.2462     0.375    0.2091   0.04688   0.07949    0.0321         0
    12/149     20.7G   0.05459   0.01952         0   0.07412       169       640    0.2194    0.5625    0.1764   0.04263   0.07724   0.03287         0
    13/149     20.7G    0.0559   0.01906         0   0.07496       145       640    0.2986    0.5625    0.2519   0.06891   0.07628     0.033         0
    14/149     20.7G   0.05479   0.01932         0   0.07411       144       640    0.4423      0.75    0.5078    0.1951    0.0735   0.03383         0
    15/149     20.7G   0.05142   0.02003         0   0.07145       169       640     0.265    0.8125    0.3765    0.1454   0.07363   0.03295         0
    16/149     20.7G   0.05201   0.01902         0   0.07104       107       640    0.2766     0.625    0.3333    0.1205   0.06923   0.03392         0
    17/149     20.7G   0.05216   0.01766         0   0.06981       113       640    0.2403    0.8125    0.2424   0.08732   0.06725   0.03484         0
    18/149     20.7G   0.05141   0.01761         0   0.06903       148       640    0.2812    0.6846     0.313    0.1229   0.06882   0.03447         0
    19/149     20.7G   0.05117   0.01817         0   0.06934       135       640    0.4804     0.809    0.5388    0.2451   0.06474   0.03489         0
    20/149     20.7G     0.049   0.01925         0   0.06825       189       640    0.5779    0.6875    0.6054    0.2434   0.06569   0.03401         0
    21/149     20.7G    0.0487   0.01771         0   0.06641       185       640    0.6291      0.75    0.5807    0.2317   0.06771   0.03366         0
    22/149     20.7G   0.04645   0.01929         0   0.06575       148       640    0.5785    0.6862    0.4728    0.1876     0.066   0.03388         0
    23/149     20.7G   0.04671   0.01898         0   0.06569       173       640    0.5217      0.75     0.467    0.2431   0.06366   0.03413         0
    24/149     20.7G   0.04576   0.01768         0   0.06344       171       640    0.5417    0.6875    0.5103    0.1483   0.06323   0.03394         0
    25/149     20.7G   0.04695   0.01788         0   0.06482       139       640    0.7142    0.6247    0.5752    0.3248    0.0621   0.03332         0
    26/149     20.7G   0.04266    0.0169         0   0.05956       135       640    0.7054    0.7483    0.7231    0.3041   0.06097   0.03366         0
    27/149     20.7G   0.04265   0.01741         0   0.06006       136       640    0.7025      0.75    0.6577    0.2831   0.06359   0.03363         0
    28/149     20.7G   0.04253    0.0182         0   0.06073       225       640    0.6316    0.7499    0.6767     0.325    0.0629   0.03331         0
    29/149     20.7G   0.04259   0.01691         0    0.0595       203       640    0.7326    0.6852    0.6679    0.3066   0.06332   0.03378         0
    30/149     20.7G   0.04231   0.01736         0   0.05967       179       640    0.6867    0.6875    0.6745    0.3254   0.06225    0.0344         0
    31/149     20.7G   0.04163   0.01588         0   0.05751       133       640    0.9164    0.6875    0.8064    0.3744   0.06106   0.03288         0
    32/149     20.7G   0.04053   0.01663         0   0.05717       182       640    0.6664     0.625    0.6268    0.2819   0.06257   0.03244         0
    33/149     20.7G   0.04058   0.01663         0   0.05721       162       640    0.7058    0.7497    0.7738    0.4573   0.06101   0.03217         0
    34/149     20.7G   0.04039   0.01576         0   0.05615       186       640    0.7856    0.6875     0.749    0.3792   0.05886   0.03329         0
    35/149     20.7G   0.03943   0.01467         0    0.0541       133       640    0.7494      0.75    0.7831    0.3909   0.05944    0.0331         0
    36/149     20.7G   0.03813   0.01526         0   0.05339       170       640    0.7995      0.75     0.804     0.322   0.06291   0.03287         0
    37/149     20.7G   0.03767   0.01459         0   0.05225       115       640     0.768     0.625    0.7001    0.3573   0.06168     0.034         0
    38/149     20.7G   0.03775   0.01449         0   0.05224       144       640    0.7499    0.7497    0.7157    0.3081   0.05904   0.03469         0
    39/149     20.7G   0.03879    0.0158         0   0.05459       140       640    0.8993    0.5625    0.7279    0.3741   0.05976   0.03324         0
    40/149     20.7G   0.03828   0.01474         0   0.05302       183       640       0.7    0.8749    0.7833     0.317   0.06152   0.03302         0
    41/149     20.7G   0.03661   0.01549         0   0.05209       195       640    0.5196    0.8125    0.6495    0.3985   0.06029   0.03189         0
    42/149     20.7G   0.03535   0.01438         0   0.04973       143       640    0.9986    0.5625    0.7496    0.4182   0.06009    0.0335         0
    43/149     20.7G   0.03486    0.0136         0   0.04846       144       640    0.7998      0.75    0.7532    0.4237   0.05724   0.03453         0
    44/149     20.7G   0.03652   0.01311         0   0.04962       148       640    0.8664    0.8125    0.8365    0.3741   0.05721   0.03467         0
    45/149     20.7G   0.03503   0.01386         0   0.04889       173       640    0.8663    0.8125    0.8336    0.3613   0.05728    0.0343         0
    46/149     20.7G   0.03536    0.0139         0   0.04925       133       640    0.7689     0.625    0.7107      0.34   0.06015   0.03658         0
    47/149     20.7G   0.03525   0.01409         0   0.04933       163       640    0.7333    0.6873    0.7121    0.3514   0.06061   0.03639         0
    48/149     20.7G   0.03336   0.01418         0   0.04755       136       640    0.7141     0.625     0.682    0.3512   0.06021   0.03658         0
    49/149     20.7G   0.03458   0.01352         0    0.0481       159       640    0.5712    0.7492    0.6461     0.352   0.05856   0.03708         0
    50/149     20.7G   0.03289   0.01252         0   0.04541       142       640       0.8      0.75    0.7608     0.353   0.05597   0.03605         0
    51/149     20.7G   0.03253   0.01364         0   0.04617       164       640    0.8181    0.5621    0.6411    0.2868   0.06077   0.03737         0
    52/149     20.7G   0.03215   0.01275         0    0.0449       130       640    0.8124    0.8119    0.7571    0.3595     0.057   0.03671         0
    53/149     20.7G   0.03242   0.01307         0   0.04549       143       640    0.7642    0.8125    0.7641     0.333   0.05796   0.03656         0
    54/149     20.7G   0.03229   0.01306         0   0.04535       157       640    0.9222      0.75    0.8113    0.3472   0.05632   0.03775         0
    55/149     20.7G   0.03132   0.01217         0   0.04349       144       640    0.8125    0.8125    0.7602    0.3158   0.05681   0.03927         0
    56/149     20.7G   0.03083   0.01376         0   0.04459       195       640    0.8571    0.7498    0.7399    0.3331   0.05603   0.03897         0
    57/149     20.7G   0.03165    0.0143         0   0.04595       185       640    0.8428    0.6875    0.7184    0.3589    0.0568   0.03811         0
    58/149     20.7G   0.02904   0.01217         0   0.04121       136       640    0.8571    0.7497    0.7527    0.3394   0.05658   0.03947         0
    59/149     20.7G   0.03005   0.01221         0   0.04226       131       640    0.8459    0.6875    0.7544    0.3112   0.05907    0.0403         0
    60/149     20.7G    0.0295   0.01288         0   0.04237       166       640    0.9164    0.6875    0.7891    0.3517   0.05799   0.03788         0
    61/149     20.7G   0.02914   0.01219         0   0.04133       169       640         1     0.875    0.8906    0.3771   0.05622    0.0358         0
    62/149     20.7G   0.03215   0.01266         0   0.04481       158       640    0.7692     0.625    0.7096    0.3131   0.05812   0.03864         0
    63/149     20.7G    0.0403   0.01191         0   0.05221       168       640    0.7856    0.6875    0.7414     0.317   0.06006   0.03879         0
    64/149     20.7G   0.03606    0.0124         0   0.04847       188       640    0.8462    0.6875    0.7225    0.3206   0.06159   0.03697         0
    65/149     20.7G   0.03486   0.01243         0   0.04729       143       640    0.8181    0.5623    0.6063    0.3059    0.0592   0.04062         0
    66/149     20.7G   0.03395    0.0121         0   0.04605       138       640    0.9089     0.625    0.7259    0.3337   0.05957   0.03947         0
    67/149     20.7G   0.03448   0.01209         0   0.04657       193       640    0.8564      0.75    0.7399    0.3141   0.06064   0.03907         0
    68/149     20.7G    0.0318   0.01152         0   0.04333       180       640     0.833     0.625    0.7076    0.3334   0.05952    0.0401         0
    69/149     20.7G   0.03428   0.01185         0   0.04614       146       640     0.798      0.75    0.7664    0.3777   0.05922   0.04239         0
    70/149     20.7G   0.03283   0.01219         0   0.04502       154       640    0.8992    0.5625    0.6574    0.2921   0.06064   0.04145         0
    71/149     20.7G    0.0316   0.01157         0   0.04317       146       640    0.9995     0.625    0.7646    0.3244   0.06084   0.04003         0
    72/149     20.7G   0.02926    0.0112         0   0.04046       154       640    0.7255       0.5     0.619    0.3348   0.06164   0.04348         0
    73/149     20.7G    0.0296   0.01126         0   0.04086       178       640      0.75      0.75     0.755    0.3313   0.06153     0.042         0
    74/149     20.7G   0.02979   0.01148         0   0.04128       170       640    0.7999    0.4998    0.6293    0.3319   0.06263   0.04181         0
    75/149     20.7G   0.02809   0.01069         0   0.03878       148       640    0.9992       0.5    0.6841    0.3045   0.05971   0.04383         0
    76/149     20.7G   0.02914   0.01159         0   0.04073       154       640    0.9091    0.6248    0.7526    0.2979   0.05854   0.04235         0
    77/149     20.7G   0.02884   0.01121         0   0.04005       128       640    0.8983    0.5625    0.7212    0.3014   0.06061   0.04066         0
    78/149     20.7G   0.02834   0.01164         0   0.03998       184       640     0.846    0.6869     0.776    0.3389   0.06104   0.04167         0
    79/149     20.7G   0.02835   0.01068         0   0.03903       120       640    0.8976    0.5625    0.6864    0.2952   0.06106   0.04188         0
    80/149     20.7G   0.02622   0.01089         0   0.03712       143       640    0.9973     0.625    0.6865    0.2911    0.0623   0.04578         0
    81/149     20.7G   0.02846   0.01117         0   0.03964       151       640    0.7498    0.5625    0.5782    0.2905   0.06355   0.04682         0
    82/149     20.7G   0.02719   0.01079         0   0.03798       161       640    0.8459    0.6875     0.672    0.3287   0.06053   0.04631         0
    83/149     20.7G   0.02797   0.01041         0   0.03837       149       640    0.8332     0.625     0.726    0.3248    0.0603   0.04266         0
    84/149     20.7G   0.02736  0.009973         0   0.03733       177       640    0.7691     0.625    0.7102    0.3724   0.05872   0.04236         0
    85/149     20.7G   0.02669   0.01095         0   0.03764        97       640         1    0.6248    0.7711    0.3476   0.05669    0.0436         0
    86/149     20.7G   0.02686   0.01062         0   0.03748       172       640     0.909     0.625     0.759    0.3462   0.05848   0.04452         0
    87/149     20.7G   0.02519   0.01099         0   0.03618       175       640    0.8125    0.8125    0.7801    0.3675   0.06017   0.04467         0
    88/149     20.7G   0.02515   0.01046         0   0.03561       157       640    0.9995    0.5625    0.7605    0.3308   0.05993   0.04614         0
    89/149     20.7G   0.02307   0.01008         0   0.03315       139       640    0.9091    0.6249    0.7483    0.3281    0.0596   0.04706         0
    90/149     20.7G   0.02441   0.01046         0   0.03487       160       640    0.7499    0.7495     0.762    0.3266   0.05864   0.04655         0
    91/149     20.7G   0.02542   0.01099         0   0.03641       149       640    0.8333     0.625    0.6703    0.3059   0.06072   0.04821         0
    92/149     20.7G   0.02364   0.01016         0    0.0338       147       640    0.7999    0.7496    0.7384    0.3163   0.05896    0.0477         0
    93/149     20.7G   0.02524   0.01051         0   0.03575       173       640    0.7646     0.812    0.7488    0.3129   0.05923   0.04513         0
    94/149     20.7G   0.02423   0.01028         0   0.03451       154       640    0.7222    0.8122    0.7505    0.3198   0.05874   0.04404         0
    95/149     20.7G   0.02355   0.00998         0   0.03353       139       640    0.7992      0.75    0.7188    0.3792   0.05651   0.04303         0
    96/149     20.7G     0.023   0.01037         0   0.03337       144       640    0.8459    0.6875     0.712    0.3923   0.05481   0.04448         0
    97/149     20.7G   0.02307   0.01025         0   0.03332       165       640       0.8    0.7499    0.7411    0.3848   0.05672   0.04665         0
    98/149     20.7G   0.02291    0.0106         0   0.03351       125       640    0.8997    0.5625    0.7107    0.3926   0.05546   0.04562         0
    99/149     20.7G   0.02357   0.01013         0   0.03371       148       640    0.9091    0.6249    0.7149    0.3585   0.06031   0.04508         0
   100/149     20.7G    0.0236   0.01016         0   0.03376       120       640    0.8332     0.625    0.6939    0.3815   0.05663   0.04474         0
   101/149     20.7G   0.02186   0.01017         0   0.03203       179       640    0.7856    0.6875    0.7068      0.32   0.05759   0.04659         0
   102/149     20.7G   0.02248   0.01024         0   0.03272       144       640    0.7856    0.6875    0.7364    0.3066   0.05637   0.04864         0
   103/149     20.7G   0.02081   0.01017         0   0.03098       208       640    0.8461    0.6875    0.6988     0.286   0.05646   0.05131         0
   104/149     20.7G   0.02123   0.01011         0   0.03133       143       640    0.9081     0.625    0.7378    0.2844   0.05717   0.04882         0
   105/149     20.7G    0.0213   0.01013         0   0.03143       161       640    0.9167    0.6874    0.7527    0.3023   0.05901   0.04695         0
   106/149     20.7G   0.02138   0.00949         0   0.03087       139       640    0.9985    0.5625    0.6742    0.3128   0.06165   0.04736         0
   107/149     20.7G   0.02096  0.009826         0   0.03078       155       640    0.8995    0.5625    0.6649    0.2752   0.06185   0.04791         0
   108/149     20.7G   0.01982  0.009253         0   0.02907       121       640    0.7141     0.625    0.6016    0.3118   0.05933   0.04924         0
   109/149     20.7G   0.02056  0.009731         0   0.03029       160       640    0.7691     0.625    0.6329    0.2975   0.06033   0.04955         0
   110/149     20.7G    0.0199  0.009096         0   0.02899       137       640     0.846    0.6875    0.7201     0.299   0.05734    0.0456         0
   111/149     20.7G   0.01945  0.009329         0   0.02878       110       640    0.9166    0.6875    0.7606    0.3266   0.05765   0.04467         0
   112/149     20.7G   0.02018  0.009711         0   0.02989       148       640    0.7333    0.6874    0.6117     0.312   0.05937   0.04624         0
   113/149     20.7G   0.01997  0.009459         0   0.02943       132       640    0.7333    0.6874    0.6706    0.3475   0.06098   0.04545         0
   114/149     20.7G   0.02078   0.01019         0   0.03098       189       640    0.9167    0.6875    0.7368    0.3455   0.05702   0.04488         0
   115/149     20.7G   0.01926  0.009008         0   0.02826       139       640    0.7853    0.6875    0.6347    0.3541   0.05556    0.0473         0
   116/149     20.7G   0.01985  0.009381         0   0.02923       147       640     0.769     0.625    0.6186    0.3475    0.0558   0.04847         0
   117/149     20.7G   0.02013  0.009618         0   0.02975       156       640    0.7692     0.625    0.5961    0.3324   0.05721    0.0476         0
   118/149     20.7G   0.02057   0.00904         0   0.02961       142       640    0.8461    0.6875    0.6985    0.3475   0.05787   0.04738         0
   119/149     20.7G   0.01948   0.00945         0   0.02893       179       640    0.8571      0.75    0.7482    0.3554   0.05677   0.04576         0
   120/149     20.7G   0.01925  0.009276         0   0.02853       174       640    0.8571      0.75    0.7552    0.3598   0.05578   0.04626         0
   121/149     20.7G   0.01892   0.00832         0   0.02724       131       640    0.9164    0.6875    0.7563    0.3696    0.0582     0.046         0
   122/149     20.7G   0.01707  0.008938         0   0.02601       143       640    0.8455    0.6875    0.7702    0.3713   0.05859   0.04602         0
   123/149     20.7G   0.01812  0.008843         0   0.02697       174       640    0.7172    0.8125    0.7737    0.3886   0.05895   0.04765         0
   124/149     20.7G   0.01831  0.007964         0   0.02627       130       640    0.9091     0.625    0.7465    0.3591   0.05754   0.04845         0
   125/149     20.7G   0.01719  0.008721         0   0.02591       131       640    0.9091     0.625    0.7387    0.3541   0.05456   0.04635         0
   126/149     20.7G   0.01758  0.009461         0   0.02704       186       640    0.7221    0.8121    0.7466    0.3546   0.05337   0.04681         0
   127/149     20.7G   0.01797  0.009568         0   0.02754       162       640    0.8889       0.5    0.6395    0.3555   0.05512   0.04865         0
   128/149     20.7G   0.01796   0.00895         0   0.02691       129       640       0.9    0.5624    0.5987    0.2835   0.05782   0.04961         0
   129/149     20.7G   0.01792  0.009661         0   0.02759       134       640    0.8182    0.5625    0.5856     0.309   0.05743   0.04979         0
   130/149     20.7G   0.01771  0.008783         0   0.02649       149       640    0.8182    0.5624    0.5975    0.3135   0.05534   0.05103         0
   131/149     20.7G   0.01649  0.008489         0   0.02498       150       640      0.75    0.5624    0.5988    0.3021   0.05525   0.05173         0
   132/149     20.7G   0.01778  0.008723         0    0.0265       130       640    0.8181    0.5625    0.6201    0.3027   0.05637   0.05154         0
   133/149     20.7G   0.01756  0.009358         0   0.02692       142       640    0.9089     0.625    0.6755    0.3181   0.05543   0.04965         0
   134/149     20.7G   0.01827  0.008819         0   0.02709       163       640    0.9091    0.6249    0.6264    0.2929   0.05546   0.04914         0
   135/149     20.7G   0.01807   0.00842         0   0.02649       177       640       0.9    0.5624    0.6769    0.3196   0.05455    0.0508         0
   136/149     20.7G   0.01789  0.008441         0   0.02633       195       640    0.9167    0.6874    0.7091    0.3195   0.05499   0.05143         0
   137/149     20.7G   0.01756   0.00816         0   0.02572       117       640    0.9167    0.6874    0.7012    0.3342    0.0567   0.05078         0
   138/149     20.7G   0.01811  0.008757         0   0.02687       117       640    0.7999    0.7497    0.6911    0.3119   0.05911   0.05006         0
   139/149     20.7G   0.01679  0.008867         0   0.02566       126       640    0.8462    0.6875    0.6831    0.3276   0.05793   0.05133         0
   140/149     20.7G   0.01733  0.008059         0   0.02539       157       640    0.8571    0.7498    0.6789     0.342   0.05605   0.05249         0
   141/149     20.7G   0.01762  0.008539         0   0.02616       141       640    0.9164    0.6875    0.7057    0.3556   0.05455   0.05327         0
   142/149     20.7G   0.01771  0.008991         0   0.02671       148       640    0.9165    0.6875    0.7066    0.3469   0.05427   0.05287         0
   143/149     20.7G   0.01761  0.007834         0   0.02544       113       640    0.9167    0.6874    0.7034    0.3434   0.05543   0.05226         0
   144/149     20.7G   0.01694  0.008361         0   0.02531       131       640     0.846    0.6875    0.7019    0.3387   0.05623   0.05178         0
   145/149     20.7G   0.01626   0.00811         0   0.02437       131       640    0.8461    0.6874     0.694    0.3381   0.05672   0.05113         0
   146/149     20.7G    0.0164  0.008058         0   0.02445       152       640    0.8461    0.6875    0.6597    0.3371   0.05738   0.05083         0
   147/149     20.7G   0.01818  0.007957         0   0.02613       113       640    0.8461    0.6875    0.6493    0.3377   0.05601   0.05005         0
   148/149     20.7G   0.01673   0.00858         0   0.02531       130       640    0.8461    0.6875    0.6514    0.3453   0.05585   0.04863         0
   149/149     20.7G   0.01566  0.008429         0   0.02409       158       640    0.8461    0.6875    0.6602     0.344   0.05633   0.04754         0
